,ABB.NS,ADANIENSOL.NS,ADANIENT.NS,ADANIGREEN.NS,ADANIPORTS.NS,ADANIPOWER.NS,AMBUJACEM.NS,APOLLOHOSP.NS,ASIANPAINT.NS,ATGL.NS,AXISBANK.NS,BAJAJ-AUTO.NS,BAJAJFINSV.NS,BAJAJHLDNG.NS,BAJFINANCE.NS,BANKBARODA.NS,BEL.NS,BHARTIARTL.NS,BHEL.NS,BOSCHLTD.NS,BPCL.NS,BRITANNIA.NS,CANBK.NS,CHOLAFIN.NS,CIPLA.NS,COALINDIA.NS,DABUR.NS,DIVISLAB.NS,DLF.NS,DMART.NS,DRREDDY.NS,EICHERMOT.NS,GAIL.NS,GODREJCP.NS,GRASIM.NS,HAL.NS,HAVELLS.NS,HCLTECH.NS,HDFCBANK.NS,HDFCLIFE.NS,HEROMOTOCO.NS,HINDALCO.NS,HINDUNILVR.NS,ICICIBANK.NS,ICICIGI.NS,ICICIPRULI.NS,INDIGO.NS,INDUSINDBK.NS,INFY.NS,IOC.NS,IRCTC.NS,IRFC.NS,ITC.NS,JINDALSTEL.NS,JIOFIN.NS,JSWENERGY.NS,JSWSTEEL.NS,KOTAKBANK.NS,LICI.NS,LODHA.NS,LT.NS,LTIM.NS,M&M.NS,MARUTI.NS,MOTHERSON.NS,NAUKRI.NS,NESTLEIND.NS,NHPC.NS,NTPC.NS,ONGC.NS,PFC.NS,PIDILITIND.NS,PNB.NS,POWERGRID.NS,RECLTD.NS,RELIANCE.NS,SBILIFE.NS,SBIN.NS,SHREECEM.NS,SIEMENS.NS,SUNPHARMA.NS,TATACONSUM.NS,TATAMOTORS.NS,TATAPOWER.NS,TATASTEEL.NS,TCS.NS,TECHM.NS,TITAN.NS,TORNTPHARM.NS,TRENT.NS,TVSMOTOR.NS,ULTRACEMCO.NS,UNIONBANK.NS,VBL.NS,VEDL.NS,WIPRO.NS,ZOMATO.NS,ZYDUSLIFE.NS
ABB.NS,1.0,0.5867785035546785,0.6028829358509711,0.68140108624496,0.7222169648659262,0.7543748110177528,0.6320368679077051,-0.4203399245043694,0.6802980522155213,0.46651559398287945,0.8147453550256192,0.5874672590407004,-0.07187775816704911,-0.47974205845483064,-0.316459573748611,0.49659422382577745,0.7548067237954281,0.3580901191202073,0.7707123446695181,0.6917880131818079,0.6226873112172254,0.6681493464428935,0.5751602923117358,0.6032809650224522,0.5785667717078415,0.744281676736503,0.6341317216801188,-0.3299520668666258,0.3688729774629905,0.7547534959889372,0.5795760503499546,0.3818340436372066,0.8192896444421012,0.7165948847266106,0.7044074915733882,0.8915860630936421,0.864654018052921,-0.572971714343601,0.4188792808507564,0.5063695839202056,0.8170754680050388,0.8170085860638396,0.6676964499583526,0.4133646599766105,0.5358256065066522,0.5984889493175132,0.5665419615354162,0.603606570011796,0.42376439908344876,0.6087582709053867,0.7094857669997363,0.7231712832169083,0.6030101755460833,0.8809238417255281,0.7174440339036592,0.8131614508162522,0.3921870944712086,-0.3020483371382038,0.6027584307296896,0.568410204907697,0.38673682094318834,0.43922973781983565,0.5596304842094986,0.5132382619697203,0.8462307787220309,0.35227493289556416,0.5146042362977772,0.7179001495900134,0.7054201232372321,0.45697190378585806,0.7889355017069609,0.7704855918178721,0.5189004920259739,0.7979182797704311,0.7736696344643033,0.6078863849490168,0.4891688854931135,0.768613246503149,-0.04977621754617387,0.9145069506710073,-0.3694050207843528,0.5331406841998506,0.6146829729012087,0.8122546756901061,0.759929989850691,0.42623926120182193,-0.38750194932314264,-0.21484532565492742,0.4859846120985122,0.5520931258717583,0.5701795081187163,0.5929228948310803,0.38646424388746714,0.6919796543794657,0.5627545204765929,-0.6724229669500078,0.4327761257464664,0.6415145819514979
ADANIENSOL.NS,0.5867785035546785,1.0,0.9446145419765481,0.942047245469172,0.8306712220485877,0.7496740135850913,0.8324254506078927,-0.6780103253259215,0.8140443491995353,0.8529628520758173,0.6402863059770009,0.46040860942692535,-0.2602937846337218,-0.735728282938446,-0.5045793131899816,0.6423846173541279,-0.2490811286705215,-0.6300018512463463,0.7251162863067403,-0.3360025911664243,0.5998598943442178,0.45554569392453986,0.7918744093427077,0.2960070323857238,0.2724239415747301,0.7594170880939805,0.5193722231416078,-0.7734016362546661,0.663443083611075,0.7577278281230304,-0.19148432004459107,-0.5156838859148518,0.6279297666528381,0.7165016335621972,0.21229824067384157,0.41165915719722,0.49709685935814685,-0.7384053549157953,-0.6275121390943035,-0.22225690429714248,0.6818067275575798,0.44826372218725946,0.3463721966264865,-0.619891243433482,-0.21874762307967244,-0.2962502260508752,-0.2104190322715343,0.9096400798321893,-0.5998090925643355,0.8783269664406214,0.8303844043836998,0.5366420896628314,-0.26101534028034984,0.5011006294671395,0.7627086465192792,0.5514663298154118,-0.4447182001790032,-0.44774317847000883,0.7759330934958206,0.1599218228135473,0.2729738349229467,-0.5402847330286732,-0.539968080482325,0.5786795718602474,0.3343046471978838,-0.6598784354504319,0.8467056301496345,0.7759304181402287,0.5955269017009511,0.5791681856143132,0.4191438299318545,0.5615449321451635,0.7996010547815822,0.34154800946333064,0.4525066245003928,0.8742743556815865,0.42403009302494304,0.3495388355625876,-0.4523368263233679,0.34846870811334035,-0.6333952134592056,0.8076930379207097,0.8909890413687966,0.6924800856781544,0.6977212731210111,-0.296866200831052,-0.7383212338997064,0.3896398384071206,-0.5497594423866964,-0.5379840568995855,-0.18445412827260943,-0.39906366111214486,0.6925716663967796,0.35088190063330377,-0.5016013020393529,-0.8278130344244743,-0.5556838632903127,0.5615519646250664
ADANIENT.NS,0.6028829358509711,0.9446145419765481,1.0,0.9536371940008224,0.8341809261606425,0.7748612291670137,0.8495658280263145,-0.7142663034302648,0.8094903046565932,0.8746609788896113,0.6879448797771001,0.3732941546422056,-0.28874326573719483,-0.7603493774108476,-0.5289720070711581,0.7358998747000804,-0.25812220442343653,-0.6176675632871784,0.7401828462110538,-0.37326490369353976,0.5558933793481466,0.43335355334470815,0.8348151953880992,0.21938697315726047,0.21129920373159197,0.7413375817189609,0.48802035049545567,-0.7681632786548791,0.6873844190496798,0.743186227831886,-0.25368728783877137,-0.5433709486015044,0.6522272230323239,0.7059539130388695,0.26311604878123945,0.458647952377581,0.44185142564607716,-0.7700261769193693,-0.680759989259379,-0.2298947848617077,0.6539847317696207,0.408682183613206,0.2969069043460303,-0.6595693744490996,-0.22469120916794305,-0.29719969805794005,-0.23395518008392988,0.9224210619821462,-0.6303709354339693,0.8638600459286977,0.8617219089291471,0.5612299948748145,-0.2437631680326627,0.4873315219541532,0.7957032928467453,0.5888982544472796,-0.4244686209751044,-0.4574666521868348,0.7402931344899211,0.13020994821972642,0.3355242161144882,-0.5579701014647457,-0.5438505423472227,0.5819100436222717,0.3607021356315818,-0.6786077444010543,0.8318337040187682,0.7689931403038137,0.5945509048414626,0.5050354752793451,0.4374504870777701,0.583977065747775,0.7985679923304458,0.3732330697456199,0.4955876684233437,0.8532694168620424,0.3535180122338113,0.47170952165218916,-0.39247196478564733,0.4133463229962574,-0.6316160614137267,0.8073453207871495,0.8520660123886651,0.7288075852416437,0.7651079991103591,-0.3075545814586266,-0.7529069178543641,0.39912642296818707,-0.5425486258269974,-0.5208349149855956,-0.16574257863561476,-0.39426944328573943,0.6960625192873526,0.43747873833159584,-0.46524841138388295,-0.8355298015724335,-0.563229109157414,0.5030251210695732
ADANIGREEN.NS,0.68140108624496,0.942047245469172,0.9536371940008224,1.0,0.8328601551705673,0.7380678287358045,0.8178560226922236,-0.6508307238030813,0.8995398760962535,0.8304567190818284,0.70999008584953,0.5130688173949455,-0.1475951505899063,-0.7271733613874886,-0.5525267161793231,0.7086733846779356,-0.25685790087289667,-0.5881910408558069,0.7163137367584124,0.4052416848817685,0.6390363178604521,0.4967921131671355,0.7834731052828068,0.2630654113160828,0.2912678425955294,0.7898035645845534,0.5543806559402062,-0.7636084836788037,0.699380565459846,0.8091777148319083,-0.10241901401498028,-0.5669978154927835,0.6942333829918086,0.7249106049766989,0.2623408089177508,0.43469257539009554,0.51470791010323,-0.7325775409120645,-0.6606888245645419,0.2194216909548559,0.7168255518749503,0.5485353508558456,0.3607252642233563,-0.6454117918232107,-0.12184653558411389,0.31454851824221824,-0.14649502319624685,0.9477687997380555,-0.5643451849608319,0.9080727234688184,0.829535363494183,0.4895746760261134,0.23792138666320248,0.5470339482777871,0.8531054699863831,0.648027548332299,-0.42568435674941846,-0.46425439986650663,0.7503133052141859,0.07888597745835267,0.3281032974250886,-0.5267899282990064,-0.5473445649371931,0.6261207853116373,0.41536186661017493,-0.6530978166257861,0.874912737268297,0.7654595013324637,0.695390480371403,0.5574913274686274,0.4114817391617647,0.6378318637007974,0.771660522213873,0.4107810933780539,0.4665052563301715,0.8977437423119952,0.4535552822853356,0.4295644638551887,-0.41430423587308196,0.471636496664974,-0.5545211473225722,0.8950957272498379,0.9363630039345054,0.8303990604340116,0.7674758787288709,-0.21799921194950747,-0.7161503866128135,0.47135259207774977,-0.47597749582883686,-0.4756013119610302,-0.08367158184328308,-0.35369446056073606,0.6395702898434494,0.44697206732984734,-0.48137236847785053,-0.8391473675871213,-0.5154824729793243,0.5135090182166384
ADANIPORTS.NS,0.7222169648659262,0.8306712220485877,0.8341809261606425,0.8328601551705673,1.0,0.8757484224003045,0.8969798700524924,-0.6088501259595369,0.8749491896205578,0.7065151283092075,0.7922003890994416,0.7013768016313762,-0.17498094680857706,-0.6044592365131927,-0.4988218446497664,0.6013298258656248,0.35774468784207675,-0.38284819793946595,0.8698833369526764,0.5855419086336845,0.8443353513952381,0.768654797885854,0.7350507283000226,0.5414426521069905,0.6287409000985531,0.9291517550685608,0.7790742136626758,-0.5561374066129552,0.582895546543423,0.851371976767474,0.5102395973562172,-0.1921022399273687,0.8737770267631462,0.8791245624056707,0.6416229385135519,0.6438107770268418,0.7036724399811054,-0.7067063789210251,-0.4144637831465543,0.6164443737905483,0.8417311411898694,0.6006004315165309,0.751708295687186,-0.4473534532257732,0.599321266847615,0.7098597132190234,0.3323992940061212,0.8168165245598265,-0.47270424880025574,0.8905477887167158,0.8180002792409512,0.7833869728179074,0.6833739689805995,0.6121110507871672,0.6766332361984411,0.7997031598046773,-0.17443385132523054,-0.23895302467196983,0.8951209576798335,0.3402294745047478,0.39935739753111654,-0.41410380054861234,-0.2140831154798305,0.6132206533161673,0.7470137750849558,-0.4838923597275937,0.7699760860850569,0.8861903844872788,0.8648647669387861,0.7518525885530385,0.6769971081664978,0.778049828533277,0.667229524095444,0.7307496806547273,0.7597065262026776,0.8690464971489317,0.7607447524045945,0.5624068486959657,-0.3630360160379643,0.5670247445192566,-0.5450193067355178,0.7819228488606784,0.8507015995449387,0.7718545195489133,0.7923558740526299,0.44412243205861,-0.5503286635541431,0.30033194783766626,-0.34629649743020596,0.40174313227610614,0.4980154964600231,0.22845215240366848,0.5116020571213253,0.5617913498188021,-0.1825033051351149,-0.7040066981535542,-0.39115517683845863,0.810165673510022
ADANIPOWER.NS,0.7543748110177528,0.7496740135850913,0.7748612291670137,0.7380678287358045,0.8757484224003045,1.0,0.8648069432875065,-0.7502791370228634,0.7637556440266918,0.7239667721195645,0.8168492580327336,0.5502351801413105,-0.30530537307658884,-0.7092911255152636,-0.35872335526350546,0.5757570995881038,0.5113210082069286,-0.5066478968566306,0.8678362440442438,0.47256805515100175,0.64784662402197,0.7524668996536155,0.7627242850549922,0.604996952996343,0.5254361054110503,0.8326961401941599,0.8234144609016498,-0.6605144294329768,0.3935901640058933,0.8106022065335523,0.40195058196280664,-0.178449675989684,0.8137638865377108,0.8751806015973334,0.6814663373631134,0.7437037601439747,0.72827386883438,-0.8533766752250735,-0.5282616829423975,0.43560852226839075,0.8321583325703188,0.606186289068901,0.6957846143324571,-0.5489039179921488,0.4365234005437393,0.5035538881427996,0.3405272649307664,0.7558395504829807,-0.6713068449486077,0.7423828596299682,0.8811193928138876,0.8100963824001779,0.48186961680171575,0.7299218795969442,0.6704095805869986,0.7263107403452558,-0.3218966322471325,-0.36057407641681105,0.780487531119206,0.4669722430607941,0.23044836942286762,-0.6322189107908553,-0.3443316652555374,0.6273896964440474,0.7731666697802462,-0.5655673257186613,0.6556012453728464,0.891755235389281,0.7133712532814103,0.7042027787137376,0.7284024692884219,0.6805029786622708,0.7668202037686314,0.6799296130410972,0.7567164923199894,0.7762746501789254,0.6238927895317363,0.5767261410912137,0.1795858818827278,0.5931760560117969,-0.7013183165737581,0.6649241067845197,0.7412850050202373,0.6931387444282902,0.8320044964989152,-0.3988685734615678,-0.6873233629089575,0.07328611080831215,-0.5189184422812532,-0.4763124813470096,0.44355934796266483,0.3142169827232189,0.6298716444138345,0.5392189302203366,-0.22264736790122802,-0.7836128159142457,-0.513477512103784,0.8000405207143666
AMBUJACEM.NS,0.6320368679077051,0.8324254506078927,0.8495658280263145,0.8178560226922236,0.8969798700524924,0.8648069432875065,1.0,-0.7652351272367389,0.8314886775852839,0.8198213383287989,0.7079960056317427,0.4733233159783643,-0.434460171638961,-0.7826898019159869,-0.47173414030074423,0.7173875983253183,0.24746507816095117,-0.6275161840547101,0.8951753925586097,-0.3735912196768925,0.7091177757631216,0.6759964860975758,0.8704852017638137,0.44017532535291704,0.41360901647758075,0.884386857222748,0.7428549843055534,-0.7235576639368135,0.6201367260332016,0.8269039657717496,-0.3763736120221395,-0.36886347737493286,0.7996918520161871,0.8522501008740708,0.4342746866350541,0.5889768853830232,0.6268663894067728,-0.8272540854965919,-0.566686499204897,-0.35571363700242065,0.726670760300432,0.4661584059030557,0.5895282996324447,-0.6505892854456818,-0.37695177600163143,0.4127064457951892,-0.17477541561424254,0.8111872958082188,-0.6985797899528818,0.8631421208497052,0.8594249150105158,0.7959463978308108,0.40612208275299866,0.5981851953132808,0.7507644387021517,0.586183655474112,-0.41117937728242326,-0.38538989099746457,0.861692643450368,0.4358959578466271,0.40127073316684403,-0.6548723559702234,-0.4183404066199057,0.4665857169849843,0.5571878142837217,-0.6675796121033424,0.7809182687101937,0.902648048564713,0.7013374988544254,0.8279762938687714,0.585211550202215,0.5561931817096073,0.7973597664137114,0.5439846853948332,0.6902510210564798,0.9028205203939846,0.6117573407944206,0.5145481462846773,-0.2445189696676201,0.411090517563536,-0.7530191758952814,0.7803239075956785,0.874211980410976,0.6771574451780051,0.8317540568810858,-0.4497141040922847,-0.7353440978131454,0.2989598814911425,-0.599111300818931,-0.5596272645603219,0.2532598204158204,-0.3562596021075647,0.7082284204333475,0.529052306038789,-0.3853666250418401,-0.7948162853762739,-0.6027419385746624,0.8300903040704135
APOLLOHOSP.NS,-0.4203399245043694,-0.6780103253259215,-0.7142663034302648,-0.6508307238030813,-0.6088501259595369,-0.7502791370228634,-0.7652351272367389,1.0,-0.47925072625431375,-0.8449440199507505,-0.44557525749711513,0.5206427893577742,0.50575372661724,0.8248414940215789,0.2698550291042858,-0.6256788372324336,0.6243057806538783,0.7804453002954561,-0.741064363875618,0.7450189384272,0.48055345000113003,0.5026239368443696,-0.7810013798959435,0.47290797051669514,0.6868359546838358,-0.49488279718007855,-0.37477712326958246,0.8379590715415806,-0.38912302773384144,-0.6684777979766359,0.6456652082289274,0.5429739169294765,-0.4136568776692196,-0.47816803313962086,0.7154309805758994,-0.4519539577703905,0.44310290366374705,0.9193687308856849,0.7902083886120566,0.7454289178798104,-0.4328402449852041,0.45772326050649725,0.6524585213962714,0.8276342149444639,0.7697295132029096,0.7941450015572153,0.5635963026528196,-0.7934035131097739,0.8679078007314466,-0.595057243780662,-0.8362061211908607,-0.5895123038945952,0.781245360166117,-0.496961518637857,-0.6148460405307717,0.6107575091385302,0.7243330614395316,0.39844762494688973,-0.5896188239503535,-0.41322291397682637,0.4142618863396929,0.881639901773084,0.7327038732317308,-0.45258183428610965,0.7083989407272211,0.8739304541430871,-0.6359364589814638,-0.8010018958361342,0.571074785042629,-0.29570983509304394,0.5587748026071162,0.5383540276857084,-0.8399829615424788,0.7133849628089423,0.5573613014374721,-0.7484415812238042,0.5189371237233169,0.4098663421905613,-0.17634667422862918,0.5517188984758653,0.9149934244475674,-0.6020704710429918,-0.6832285062426124,-0.4147074978656013,-0.8076999661675683,0.7619287586138083,0.8660535056092583,-0.1823116122956109,0.8647829187379167,0.8587662197627057,0.7862395902748115,0.7744810142921537,-0.8338433138030353,0.4505777113584817,0.6231936522404711,0.747948085291058,0.8870235550849881,-0.4529870103061734
ASIANPAINT.NS,0.6802980522155213,0.8140443491995353,0.8094903046565932,0.8995398760962535,0.8749491896205578,0.7637556440266918,0.8314886775852839,-0.47925072625431375,1.0,0.6795471505302929,0.7041231495018028,0.7705585352177954,0.1593520866814234,-0.5156690375031168,-0.5047298251942929,0.4827848459975203,0.1675836804244532,-0.3586321959057356,0.7796906501493281,0.6301187329190475,0.8158413465574232,0.7670098277101415,0.6447637458617168,0.4856279728831913,0.5590056678598093,0.8895104708914441,0.7664672614837308,-0.5750192063127753,0.5996529395751445,0.9067180367650456,0.2857577648716191,-0.3117397461540894,0.7665811367659263,0.8591613130316409,0.49705336166157915,0.4135079815579744,0.6508380551618913,-0.5946728151512818,-0.45292839457703266,0.5467558591533683,0.8401254787135176,0.7112644122710887,0.6576940678311134,-0.4408897185573806,0.43454476422500427,0.6250390631457895,0.21699380370286267,0.8541548004676447,-0.3424181187430191,0.9301379256518542,0.7275785044101692,0.632376402476376,0.5580120807360461,0.4840605471927404,0.683028183270556,0.7446042860854367,-0.2278657853078757,-0.29634134416119884,0.7995072947878709,0.11327060548888652,0.28184124964473617,-0.33448748436384185,-0.28244676450621603,0.665299943953519,0.6446238319799706,-0.4462002085942396,0.8531679561367063,0.8089249223602533,0.8787369870207857,0.7471266982137424,0.4856647531525905,0.7461032843193038,0.602245914706129,0.583101715165005,0.5468252616658299,0.9006970641204664,0.7223767313140811,0.42733843504375174,-0.49082711873006396,0.5594634564753573,-0.36451978484929326,0.9095327450945621,0.9449377805296726,0.8198226631135092,0.6592180810537239,0.16813266627276097,-0.49406933569593536,0.4551072953514403,-0.2159959201620097,0.3664431800612394,0.37577217080578,-0.06404515780547063,0.42947598016629696,0.42970656735527746,-0.2631786564842076,-0.6699281672319246,-0.29858146129960667,0.7346442415940031
ATGL.NS,0.46651559398287945,0.8529628520758173,0.8746609788896113,0.8304567190818284,0.7065151283092075,0.7239667721195645,0.8198213383287989,-0.8449440199507505,0.6795471505302929,1.0,0.4829148697268647,-0.26502417392133976,-0.539391561408771,-0.8983207122422519,-0.5365212689625678,0.7607397577015877,-0.4435996534814519,-0.8562637556987779,0.7557829033531948,-0.5629713302570383,0.3307176740031839,0.23657947222097922,0.8760344885751671,-0.27196429487010787,-0.34595884417267264,0.6228673109326798,0.42170192331964174,-0.9057163244193401,0.678497648758104,0.7879124736012466,-0.5151867645221793,-0.6894428321802931,0.5120918541527182,0.5899622017068811,-0.39946210035511914,0.3492270111758647,0.32106578601395785,-0.8630676555472435,-0.7680801835416944,-0.4802406240328999,0.5051200504490659,-0.2502541775011989,-0.3029615100290052,-0.8046572364141598,-0.5773851161223164,-0.5722365821660785,-0.5086257049794202,0.894764170249941,-0.8422290147952356,0.7643290442545662,0.8832626484313351,0.5524310185949404,-0.5557777089541971,0.47207947844024295,0.7570456805120505,0.31061347685989044,-0.6625617768234778,-0.55121613054974,0.6714920476949746,0.16783583785915587,0.2617562489175991,-0.7918037157888536,-0.7456651474407415,0.45413822240151147,-0.3996579101264904,-0.8529298791373254,0.7971147052348619,0.7799386501946102,0.2893688760640542,0.452277635238556,0.22175435868796733,0.2739674194727821,0.9211562676201036,-0.37272707771231034,0.27677628156699546,0.8594314944977899,-0.19762366723688324,0.22196092427660682,-0.20960812794140088,-0.3260323274083443,-0.8334946027418066,0.695846214022186,0.8427638069423736,0.5337945927167339,0.7793761765335883,-0.553915093242426,-0.9013379234751797,0.4129758074153468,-0.816705955054762,-0.7850126049707958,-0.5228471780920911,-0.6229977091407477,0.8794294900356184,0.2725084715871256,-0.6738114993211761,-0.8545831718148016,-0.7703232076689285,0.4784489228585558
AXISBANK.NS,0.8147453550256192,0.6402863059770009,0.6879448797771001,0.70999008584953,0.7922003890994416,0.8168492580327336,0.7079960056317427,-0.44557525749711513,0.7041231495018028,0.4829148697268647,1.0,0.5925965737878834,-0.16168125211177142,-0.5134360747711345,-0.5458114449968321,0.5700571701720035,0.6080419698954254,0.1701611978691929,0.7812996900064852,0.764218954723015,0.6499899416873068,0.6816437949040907,0.5928821502145667,0.5786176234271553,0.5540612948362136,0.7651298044138637,0.6974150776198018,-0.316992379724063,0.4393661055832142,0.7404235621594726,0.6651229205120018,0.09887924251373106,0.8043598270277,0.7734809736692028,0.6828327766535702,0.7821509810003503,0.8033194843418638,-0.5880150405071324,0.2776327796202931,0.5741916707147156,0.8589359048073907,0.6926699754512048,0.6719811822590525,-0.30107749159590136,0.5275729849542359,0.6984987745081381,0.40852316258766086,0.6378996734519651,-0.4039654599018489,0.6277807952944668,0.6738314303511701,0.745413815769128,0.6831122545298045,0.7375047674491518,0.6193208891811085,0.8168139798992141,0.2902134260965123,-0.20319818630226677,0.7111263157806464,0.5851564136362464,0.4480780480837488,0.37987185159541115,0.3372544433432053,0.6153633993809647,0.7882784529880874,-0.3000123010378541,0.5561279940324702,0.7192003473696356,0.7177398555104786,0.5863939182371783,0.7785516004194002,0.7671064728616874,0.48975371389178535,0.8096924335313488,0.7828540854801516,0.6302071416779628,0.5280119082028979,0.7607718809732296,-0.22525762445691522,0.7329886081421491,-0.3666739805531875,0.5543604436370543,0.6571656965708605,0.7826216359131648,0.7847962588079564,0.48880337045827715,-0.37026830420300105,-0.08673187997735876,0.44838514415644415,0.5175032523495635,0.5083572670342825,0.4415174449410294,0.3612337253742669,0.7218096848031735,0.33208300256233614,-0.6860670560045562,0.4603527217734957,0.7225825845764322
BAJAJ-AUTO.NS,0.5874672590407004,0.46040860942692535,0.3732941546422056,0.5130688173949455,0.7013768016313762,0.5502351801413105,0.4733233159783643,0.5206427893577742,0.7705585352177954,-0.26502417392133976,0.5925965737878834,1.0,0.6190787090769014,0.28441501720194573,-0.24549396602877366,-0.08461844041335559,0.38802274915156987,0.5456257207675738,0.5541434087728228,0.776148872664581,0.821574836218216,0.8725982903873535,0.15897772905257807,0.8130306321548362,0.8301897087029735,0.8132934002264702,0.8405589793172707,0.47613781576882236,0.2988953448995959,0.7309807155013845,0.5039650134470672,0.2680089956879941,0.7221970441454229,0.8151927197536333,0.6793136253437249,0.4409344127326626,0.78548850234586,0.48480698031579417,0.4499566386452464,0.7074636453563226,0.8058991450031202,0.762419290655462,0.8697230504808396,0.5354570199571739,0.7876928673467933,0.7862692317678499,0.64985229094748,0.406977060111234,0.4461326959105758,0.6792399209626778,0.28194900904683184,0.5732054464346675,0.7679766041753485,0.5260100381784781,0.30100840255682826,0.71487551988173,0.6447385358821142,0.24287267450683148,0.6704972718475968,-0.1501457256275217,0.2430492392922341,0.5535236435012618,0.43463725415416776,0.45232597931934326,0.787944283559582,0.48050825154340027,0.48503569961739557,0.5165076252969703,0.8343252443915554,0.8109675356758747,0.5820726882090734,0.7943813782209184,-0.38926533762982807,0.6403667950424247,0.662940733904536,0.5426199101743444,0.8563253563296522,0.3233988347891795,-0.36272964067824304,0.5362897092020096,0.6009806401743816,0.6500757777381783,0.6749556892720948,0.6571089180248361,0.33444051680126174,0.5031766759424623,0.46686825688527267,0.3723493000018721,0.5568868135305112,0.7402038678763687,0.7907457553188549,0.47223119713461914,-0.4302266115578569,0.3986835999652232,0.5474444605118034,-0.23377050487957707,0.5766058631740938,0.7565461110494658
BAJAJFINSV.NS,-0.07187775816704911,-0.2602937846337218,-0.28874326573719483,-0.1475951505899063,-0.17498094680857706,-0.30530537307658884,-0.434460171638961,0.50575372661724,0.1593520866814234,-0.539391561408771,-0.16168125211177142,0.6190787090769014,1.0,0.600807947220829,0.7030755085426648,-0.6497399892277274,0.24671711516248063,0.6610482867157501,-0.369123793567091,0.399426726728376,0.4578129688146051,0.4738722279494322,-0.4976457098361027,0.6124617195850773,0.5646185106428749,0.18994217347820147,0.38336954487274405,0.5393233676600879,-0.21858516960947663,-0.37154813714933077,0.6721602515790095,0.4033411885519059,0.21772719978730848,0.20626126455688873,0.38382908213512,-0.24281806056049735,0.2911345224001403,0.4746912339038747,0.3825305783305023,0.5620138286913989,0.18157411985516606,0.4050405389021924,0.5553360170487834,0.5043322749086641,0.6834232579503448,0.522139042571361,0.529131301439354,-0.3585341430764488,0.6157894960090023,-0.25878988889718685,-0.43882317191738396,-0.4421800825084581,0.5572057020146906,-0.20514983317037128,-0.4834222016103284,0.19595471264015094,0.6142324999488336,0.6440327356693263,-0.33573754910490533,-0.38739378953244946,-0.27457392930217106,0.5750885894059851,0.40497940052362136,0.3284592251316054,0.33231580537843647,0.48975193517661386,-0.27030979794975196,-0.4619279474057282,0.39292405478660364,0.44145780061374634,0.24519925104009116,0.2875742013202405,-0.5802119001618067,0.3127256732705863,0.3065896940125959,-0.41163684827053887,0.590104827012784,-0.3271571364873258,-0.25301883271844616,0.12208536870879771,0.6563157907545549,-0.33342874038784576,-0.35896729215310863,-0.19113096173522262,-0.43812258847043783,0.6898900100062149,0.4982017874872151,0.36759748483057453,0.6599451013737965,0.553129260002705,0.6372666957309766,0.4600705357180749,-0.5786188287627234,-0.25445400744435787,0.4318439129428984,0.4149514493101769,0.4834194107548986,0.3499498890237323
BAJAJHLDNG.NS,-0.47974205845483064,-0.735728282938446,-0.7603493774108476,-0.7271733613874886,-0.6044592365131927,-0.7092911255152636,-0.7826898019159869,0.8248414940215789,-0.5156690375031168,-0.8983207122422519,-0.5134360747711345,0.28441501720194573,0.600807947220829,1.0,0.5489044392826905,-0.7526460904663657,0.6328115080286494,0.8739041115957544,-0.7894344075804904,0.5665234514766132,-0.16055755772639102,0.2650210644654252,-0.8524367072576402,0.3817172655324515,0.4465897470193936,-0.5060399291284798,-0.33648414058792153,0.9224112844998149,-0.5288608573951004,-0.6954455345060522,0.5528227456770688,0.7545833462506939,-0.42139590322322573,-0.5011208509059781,0.5315431071948795,-0.4599422635079886,-0.30674735950543125,0.8710111058911088,0.8574783755053637,0.510052219100225,-0.4524661090046338,0.32492142704011184,0.4250217047945012,0.8746503303849076,0.6552455697056415,0.6146774373193624,0.5904686660905376,-0.8147628402287033,0.892923677072043,-0.6383480092961342,-0.922162124532423,-0.5993367874535397,0.6281064070418056,-0.5501926058816029,-0.7562979136086438,0.40091476862092307,0.7129180542614733,0.640146519657939,-0.6075387252508593,-0.37604654174251906,0.19086822838228154,0.8489170051744359,0.8404428267875016,-0.3686192212211861,0.5296772694136124,0.878014947737312,-0.661553123680944,-0.8254918417997101,0.24304911308196264,-0.2899825394852135,0.3704445041922559,0.29660815573357957,-0.9206899059126863,0.5442006918083812,0.3336875027416361,-0.7780189329724544,0.24850761791634726,-0.36287411263354763,0.27996818384581623,0.4635586543125436,0.8145789360270028,-0.5713717005378983,-0.7216158032504039,-0.5026782046967289,-0.8299268992041555,0.6557430506745455,0.9375938387600774,-0.3153270781211888,0.8697242561392133,0.7949788134476252,0.639612500916915,0.7741755820615399,-0.8642778671882465,-0.33171681961876043,0.7328153398546167,0.9110803748323324,0.8003783234433284,-0.3913804792402654
BAJFINANCE.NS,-0.316459573748611,-0.5045793131899816,-0.5289720070711581,-0.5525267161793231,-0.4988218446497664,-0.35872335526350546,-0.47173414030074423,0.2698550291042858,-0.5047298251942929,-0.5365212689625678,-0.5458114449968321,-0.24549396602877366,0.7030755085426648,0.5489044392826905,1.0,-0.6405254553485418,0.10260400488916019,0.5249059390699454,-0.4715470120397596,-0.2994899863221536,-0.31938135493074293,0.27050909018666813,-0.524526168288423,0.43255351876321985,0.09066258519715656,-0.3746642243993766,-0.14151883948653768,0.418101022339718,-0.529104608781755,-0.3641628062995089,0.24836906387361238,0.4828355246708216,-0.38038382433407547,-0.29239748116501557,0.2747621456647721,-0.1650128234637797,-0.19833941656284648,0.3451722847981985,0.3431265952808734,0.21430023756576166,-0.4181222941308241,-0.3181378078765579,0.14740046519681638,0.35799879013467273,0.19109189215979247,0.13185208105956117,0.38660998994065443,-0.4997512176316263,0.3583558935675366,-0.4568548134072958,-0.4992372885026051,-0.33551134284259676,0.10914753846596814,-0.19482660867106205,-0.7127981713061391,-0.34933134020356804,0.44706844414297753,0.7512529589869367,-0.5023180472885689,-0.3008004709631997,-0.5375541644880532,0.2638573817960595,0.403922636041381,0.4580210110839036,-0.184543286128182,0.34279232673971277,-0.45871595863776937,-0.4020949147143372,-0.3803072111988744,-0.21751756956317742,-0.2749919886328104,-0.37348080819429413,-0.4599375139499889,-0.23103360077652238,-0.34252772785396335,-0.4518955193376399,0.11932250039622923,-0.38750690367532065,0.5325691602975211,-0.20524523207241713,0.2659578753109684,-0.30947046233044306,-0.4589696627016149,-0.6341657577829051,-0.6323998413255854,0.3019975038231996,0.3462804130495337,-0.42542822856668827,0.3176533083568437,0.2114385843103679,0.2893540220691956,0.3844705518257235,-0.452890363984484,-0.4168078023181785,0.35218308176199836,0.5278933332017921,0.15583490035756914,-0.2417209733526825
BANKBARODA.NS,0.49659422382577745,0.6423846173541279,0.7358998747000804,0.7086733846779356,0.6013298258656248,0.5757570995881038,0.7173875983253183,-0.6256788372324336,0.4827848459975203,0.7607397577015877,0.5700571701720035,-0.08461844041335559,-0.6497399892277274,-0.7526460904663657,-0.6405254553485418,1.0,-0.33533042990648726,-0.5984805034735563,0.6746016368753196,0.2325549993156834,0.3186310402225246,0.06694372769488646,0.9027310696940904,-0.18740161489428955,-0.1578563580686178,0.47993465843137645,0.28632970551792436,-0.6032538109011883,0.7360150513383461,0.47011233358942983,-0.5160503621158451,-0.5119576561357535,0.44892753334955676,0.4344521809564651,-0.21565949892606162,0.46770755748396636,0.24950416574466167,-0.6555778634804486,-0.5639954211857555,-0.27000988961531264,0.410123696702129,0.17187660831863746,-0.12015629834894476,-0.565392619745231,-0.3964834950523626,-0.28939169650281343,-0.2899045718396179,0.6508461288287352,-0.6625988496868775,0.6044678481923673,0.7312587567172184,0.6257258909238982,-0.2914098839265788,0.4449588579486845,0.8232188081794243,0.39791636810913744,-0.48553791888213993,-0.6285851163976177,0.6102469901318779,0.4265707027160686,0.5060052841740196,-0.5533875093194819,-0.5090743657597114,0.3168278531616937,-0.19700220133815072,-0.6006741474013685,0.5183157926257371,0.6370569365369427,0.2782089706955765,0.39089677782433946,0.4025408323468552,0.3018637894738703,0.780613766234048,0.2817870079733499,0.4548823212717559,0.615155647537556,-0.12070308783920129,0.5449053577991538,-0.21306365863306634,0.3563450201424641,-0.5610394559852488,0.4346428028880769,0.5987370039730432,0.6339368325479181,0.7546640604055145,-0.4962509657236738,-0.6659667996230421,0.18767449989013085,-0.5973763513764465,-0.4740715288892502,-0.31807170045906913,-0.5242422667729423,0.7347733627653912,0.5723238330289886,-0.39235471959730805,-0.7705672343582249,-0.5122834295516895,0.4689018347853988
BEL.NS,0.7548067237954281,-0.2490811286705215,-0.25812220442343653,-0.25685790087289667,0.35774468784207675,0.5113210082069286,0.24746507816095117,0.6243057806538783,0.1675836804244532,-0.4435996534814519,0.6080419698954254,0.38802274915156987,0.24671711516248063,0.6328115080286494,0.10260400488916019,-0.33533042990648726,1.0,0.6790547999864279,0.4719380283015651,0.6184792603586707,0.32171326317230503,0.4842334304178243,-0.3863654530586259,0.619432294547118,0.5947721865647879,0.38263967042608804,0.4986937492278102,0.6402543226296741,-0.3128687064726988,0.2710228414043488,0.7577271070723545,0.7348121149057594,0.585588562780625,0.43886196570864516,0.7974772231532553,0.8638834130568869,0.6796710596621287,0.6283831675352738,0.7246321215976875,0.5759117327874368,0.51752044659431,0.7160807618439922,0.631420096740864,0.6952419441001949,0.7020055206393463,0.6299306638630504,0.7350274141069457,-0.36900883191476175,0.8044345150094604,-0.04220143482733392,-0.4611891686941462,0.6196911064588672,0.662143929099039,0.6941288045119178,-0.38532691551740755,0.6817075329917894,0.685606395101581,0.36860077220411824,0.3168847039757511,0.6730381785101485,0.3551969370952973,0.7203131405787894,0.8153634864291228,-0.26058792052588203,0.7809834657637663,0.7042854036004691,-0.20322980938713217,0.3594937565151173,0.468721039140142,0.36955782714390983,0.8218231141353299,0.6001649643550849,-0.5710623892291217,0.807087712886259,0.7241502253390633,-0.13744752003101574,0.48908503449559104,0.7690436535431278,0.32321874047238275,0.8471081403914639,0.6513163431230473,-0.1923884552121658,-0.10198893730606282,0.5241714476894399,0.4368024059470098,0.7065175442004804,0.7401778231875569,-0.5848760952432193,0.8113858241160282,0.7076614126434119,0.7146052976867294,0.8597061788750435,-0.6652312909656221,0.5981034623512732,0.8140701180834313,0.5370253960695445,0.6995303796431651,0.5283682092695846
BHARTIARTL.NS,0.3580901191202073,-0.6300018512463463,-0.6176675632871784,-0.5881910408558069,-0.38284819793946595,-0.5066478968566306,-0.6275161840547101,0.7804453002954561,-0.3586321959057356,-0.8562637556987779,0.1701611978691929,0.5456257207675738,0.6610482867157501,0.8739041115957544,0.5249059390699454,-0.5984805034735563,0.6790547999864279,1.0,-0.5737304222853107,0.59666737857235,0.38740044347428587,0.4884974277850236,-0.7592746725910116,0.6319609649413427,0.5952370215555981,-0.30436006015271455,0.3383221798578736,0.9506887936140707,-0.49590003162518925,-0.5907689347863359,0.6336322383760831,0.8376514181495485,0.32995909692362535,-0.2650512021214563,0.6722533441942173,0.4165221878791445,0.4861894577372946,0.8586760610146709,0.8510783296229075,0.6128139722721688,0.23215996979003342,0.5349807996864336,0.6082288766536256,0.9003752415784309,0.7997522003997899,0.757073441024609,0.8023868255324189,-0.7633334122775683,0.853410513008132,-0.5252871029310588,-0.8272682866853731,-0.3583168333316165,0.7943397603392789,0.3374559753253705,-0.6314452430533513,0.5899938854649606,0.8674581629114444,0.6008784900143598,-0.42349174524869176,0.1514047169536556,0.18846395781052755,0.8336503507471822,0.8906872790022116,-0.4725147402151086,0.6667095641531987,0.906735052153353,-0.6061345503628821,-0.6580569528004223,0.45007141716882615,0.24117417425784338,0.5132789289081838,0.48314131491040563,-0.90515628517799,0.6819459192727537,0.5299845845057282,-0.6462718651748607,0.4807566193905545,0.29859619059378006,0.20150852981452158,0.5501258111009724,0.8198072757946524,-0.5152792009491138,-0.6307182502168919,-0.28783728032640754,-0.6467305455159793,0.6846989392861521,0.9246963803637553,-0.3318970156034742,0.91084757490341,0.8806669480757565,0.7870670250872043,0.798992990938364,-0.8858660715464273,0.35822783752393966,0.859285576440775,0.7882430709443512,0.8480893417252796,0.25177431090791
BHEL.NS,0.7707123446695181,0.7251162863067403,0.7401828462110538,0.7163137367584124,0.8698833369526764,0.8678362440442438,0.8951753925586097,-0.741064363875618,0.7796906501493281,0.7557829033531948,0.7812996900064852,0.5541434087728228,-0.369123793567091,-0.7894344075804904,-0.4715470120397596,0.6746016368753196,0.4719380283015651,-0.5737304222853107,1.0,0.3931706334620908,0.7138167666863248,0.7307828722023801,0.8232418691649371,0.5213197905538676,0.5609123700208929,0.8599174813098682,0.8324414841513199,-0.6811048624561336,0.5627093875255259,0.8066349386974839,0.4725453177472068,-0.291249907655183,0.8236465077528661,0.8795838557194244,0.482756905346594,0.7422506430203306,0.7529231129899183,-0.832336600528198,-0.5206337069270136,0.36944420525898847,0.8040427696495565,0.519906763623951,0.6934469789963942,-0.6053922005481276,0.4143037059615425,0.48127048967718317,0.34693285530223034,0.7701454433487056,-0.7126417353881284,0.8036532540302594,0.8759817074073065,0.8696850685348078,0.5152205034321814,0.7126120713915634,0.74594987525895,0.7187138948123487,-0.3392210181760572,-0.35468348634986907,0.8532620416010404,0.5127842177813133,0.3806248255394227,-0.6505273514948113,-0.4089737160005029,0.5316587936110082,0.6968300379407889,-0.6448703150030132,0.6836345841652091,0.9414218821140036,0.6961493271096338,0.7278254539803448,0.7153308234496223,0.6503319804964482,0.8012208015422919,0.6797845343818967,0.7608024938752547,0.8122277366734022,0.6112840139842497,0.6777866685583745,-0.19658880083692692,0.5748799380806899,-0.7378097064994873,0.671021532612941,0.8079140902651969,0.7601824878736863,0.8562834012045855,-0.4669942862482029,-0.7101262867761386,0.17981651346810862,-0.6013936593879136,-0.548597716843427,0.42348313784004227,-0.3331497435721716,0.6763366301369188,0.5885419596193167,-0.3333365399371162,-0.8052681442989259,-0.5872510938393689,0.8620726578753767
BOSCHLTD.NS,0.6917880131818079,-0.3360025911664243,-0.37326490369353976,0.4052416848817685,0.5855419086336845,0.47256805515100175,-0.3735912196768925,0.7450189384272,0.6301187329190475,-0.5629713302570383,0.764218954723015,0.776148872664581,0.399426726728376,0.5665234514766132,-0.2994899863221536,0.2325549993156834,0.6184792603586707,0.59666737857235,0.3931706334620908,1.0,0.6989738791587544,0.6918581259209762,-0.4515120163981909,0.6870583781334314,0.7069307881658465,0.6512881326753903,0.604249695999524,0.7216019442747317,0.30932073638964824,0.4777800389968757,0.6428253003174567,0.4911811868718551,0.6603562745719374,0.6480252557313224,0.7561906946384819,0.5718279016884753,0.7469826630515842,0.7673471973809223,0.6450208646125146,0.5973039307916517,0.7839271759801004,0.7481138484368902,0.6878241326661605,0.6764905658887277,0.6567142395568828,0.7689070974559604,0.5887179284401067,-0.6366891599219313,0.7242582914129518,0.4084657797521294,-0.6141687680818909,0.3520377772473424,0.7293889908680717,0.5724344449685955,0.39243296520997806,0.8434764479622088,0.6369224812072569,0.13122469997195055,0.41917388525824706,0.38801651125486947,0.494727221595363,0.6615021157100389,0.5969844002485408,-0.629476371789621,0.8176922127556638,0.7047884220180449,-0.5066981059248641,-0.46951901887775727,0.7746470757519697,0.32202986108922727,0.6444543736622579,0.8139090579498149,-0.6167876477686777,0.7958281855550491,0.6628879058097178,-0.4597005971478346,0.6118948503975146,0.6217105422367717,-0.2787377924114101,0.8021869112132332,0.7156139592557552,-0.4229230987190887,-0.3152142257516934,0.7018126494240904,-0.5332980909614917,0.5706779242782758,0.7615252359731257,-0.2929072679086289,0.706906552293298,0.7765115551995923,0.6971946000392933,0.5938583182086352,-0.6852641961627676,0.6842210917560848,0.6250359388447035,0.5122051584420731,0.7237939617369029,0.3788808191474351
